Username,Password,Role
Leo,Castillo,Librarian
Renzo,Castillo,Student
